function elm_dm = edm_lob_tab(m)

%=======================================
% spectral element Lobatto diffusion matrix
% for an mth-order polynomial expansion
%
% m = 1, 2, 3, 4, 5, 6
%=======================================

%-------
if(m==1)
%-------

elm_dm = [0.5 -0.5; -0.5 0.5];

%-------
elseif(m==2)
%-------

elm_dm = [
   1.16666666666667  -1.33333333333333   0.16666666666667;
  -1.33333333333333   2.66666666666667  -1.33333333333333;
   0.16666666666667  -1.33333333333333   1.16666666666667];

%-------
elseif(m==3)
%-------

elm_dm =[
   2.16666666666667  -2.43920915260403   0.35587581927070  -0.08333333333333;
  -2.43920915260403   4.16666666666667  -2.08333333333333   0.35587581927070;
   0.35587581927070  -2.08333333333333   4.16666666666667  -2.43920915260404;
  -0.08333333333333   0.35587581927070  -2.43920915260404   2.16666666666667];

%-------
elseif(m==4)
%-------

elm_dm =[
   3.50000000000000  -3.91288507544030   0.53333333333333  -0.17044825789303   0.05000000000000;
  -3.91288507544030   6.35185185185185  -2.90370370370371   0.63518518518519  -0.17044825789303;
   0.53333333333333  -2.90370370370371   4.74074074074074  -2.90370370370371   0.53333333333333;
  -0.17044825789303   0.63518518518519  -2.90370370370371   6.35185185185185  -3.91288507544030;
   0.05000000000000  -0.17044825789303   0.53333333333333  -3.91288507544030   3.50000000000000];

%-------
elseif(m==5)
%-------

elm_dm =[
   5.16666666666647  -5.75534978755293   0.75291274743628  -0.23286955119427   0.10197325797781  -0.03333333333336;
  -5.75534978755293   9.12668826478755  -3.98085223985198   0.83085223985201  -0.32331173521247   0.10197325797781;
   0.75291274743628  -3.98085223985198   6.03997840187932  -3.41002159812136   0.83085223985201  -0.23286955119427;
  -0.23286955119427   0.83085223985201  -3.41002159812136   6.03997840187932  -3.98085223985198   0.75291274743628;
   0.10197325797781  -0.32331173521247   0.83085223985201  -3.98085223985198   9.12668826478755  -5.75534978755293;
  -0.03333333333336   0.10197325797781  -0.23286955119427   0.75291274743628  -5.75534978755293   5.16666666666647];

%-------
elseif(m==6)
%-------

elm_dm =[
   7.16666666666692  -7.96655757431697   1.01647769632621  -0.30476190476184 ...
   0.13291684274811  -0.06855125047193   0.02380952380950;
  -7.96655757431697  12.47251984118633  -5.29457208031436   1.06606416109113 ...
  -0.40971363397094   0.20081053679675  -0.06855125047193;
   1.01647769632621  -5.29457208031436   7.74748015881332  -4.17463558966276 ...
   0.98204660606043  -0.40971363397094   0.13291684274811;
  -0.30476190476184   1.06606416109113  -4.17463558966276   6.82666666666694 ...
  -4.17463558966276   1.06606416109113  -0.30476190476184;
   0.13291684274811  -0.40971363397094   0.98204660606043  -4.17463558966276 ...
   7.74748015881332  -5.29457208031436   1.01647769632621;
  -0.06855125047193   0.20081053679675  -0.40971363397094   1.06606416109113 ...
  -5.29457208031436  12.47251984118632  -7.96655757431697;
   0.02380952380950  -0.06855125047193   0.13291684274811  -0.30476190476184 ...
   1.01647769632621  -7.96655757431697   7.16666666666691];

%-----
else
%-----

  disp (' edm_lob_tbl: maximum polynomial order is 6');
  error('              chosen order is not available');

%--
end
%--

return;

%-----
% done
%-----
