function elm_mm = emm_lob_tab(m)

%=========================================================
% dimensionless element mass matrix for mth-order polynomial
% expansion
%
% values are given for: m = 1 - 6
%=========================================================

%-------
if(m==1)
%-------

elm_mm = [2/3 1/3; 1/3 2/3];

%-------
elseif(m==2)
%-------

elm_mm = [
   0.26666666666667   0.13333333333333  -0.06666666666667;
   0.13333333333333   1.06666666666667   0.13333333333333;
  -0.06666666666667   0.13333333333333   0.26666666666667];

%-------
elseif(m==3)
%-------

elm_mm =[
   0.14285714285714   0.05323971374999  -0.05323971374999   0.02380952380952;
   0.05323971375000   0.71428571428571   0.11904761904762  -0.05323971374999;
  -0.05323971374999   0.11904761904762   0.71428571428571   0.05323971375000;
   0.02380952380952  -0.05323971374999   0.05323971375000   0.14285714285714];

%-------
elseif(m==4)
%-------

elm_mm =[
 0.08888888888889   0.02592592592592  -0.02962962962963   0.02592592592593  -0.01111111111111;
 0.02592592592592   0.48395061728395   0.06913580246913  -0.06049382716049   0.02592592592593;
-0.02962962962963   0.06913580246913   0.63209876543211   0.06913580246913  -0.02962962962963;
 0.02592592592593  -0.06049382716049   0.06913580246913   0.48395061728395   0.02592592592592;
-0.01111111111111   0.02592592592593  -0.02962962962963   0.02592592592592   0.08888888888889];

%-------
elseif(m==5)
%-------

elm_mm =[
   0.06060606060606   0.01444043443670  -0.01748448154180   0.01748448154179  -0.01444043443670   0.00606060606061;
   0.01444043443670   0.34406814208894   0.04165977904505  -0.04165977904505   0.03440681420889  -0.01444043443670;
  -0.01748448154180   0.04165977904505   0.50441670639590   0.05044167063958  -0.04165977904505   0.01748448154179;
   0.01748448154179  -0.04165977904505   0.05044167063958   0.50441670639590   0.04165977904505  -0.01748448154180;
  -0.01444043443670   0.03440681420889  -0.04165977904505   0.04165977904505   0.34406814208894   0.01444043443670;
   0.00606060606061  -0.01444043443670   0.01748448154179  -0.01748448154180   0.01444043443670   0.06060606060606];

%-------
elseif(m==6)
%-------
 
elm_mm =[
   0.04395604395604   0.00883182542984  -0.01102962762764   0.01172161172161 ...
  -0.01102962762764   0.00883182542984  -0.00366300366300;
   0.00883182542984   0.25553173602605   0.02659340659341  -0.02826184137547 ...
   0.02659340659341  -0.02129431133550   0.00883182542984;
  -0.01102962762764   0.02659340659341   0.39853419803987   0.03529480840844 ...
  -0.03321118316999   0.02659340659341  -0.01102962762764;
   0.01172161172161  -0.02826184137547   0.03529480840844   0.45010989010988 ...
   0.03529480840844  -0.02826184137547   0.01172161172161;
  -0.01102962762764   0.02659340659341  -0.03321118316999   0.03529480840844 ...
   0.39853419803987   0.02659340659341  -0.01102962762764;
   0.00883182542984  -0.02129431133550   0.02659340659341  -0.02826184137547 ...
   0.02659340659341   0.25553173602605   0.00883182542984;
  -0.00366300366300   0.00883182542984  -0.01102962762764   0.01172161172161 ...
  -0.01102962762764   0.00883182542984   0.04395604395604];

%---
else
%---

  disp (' emm_lob_tab: Max polynomial degree is 6');
  error('              Chosen degree is not available');

%--
end
%--

return;

%-----
% done
%-----
