function [xiq,etq,ztq,weq] = gauss_tetra45

%============================================
% 45-p Gaussian quadrature over a tetrahedron
%============================================

gauss=[
  0.2500000000000000  0.2500000000000000  0.2500000000000000 -0.2359620398477557
  0.6175871903000830  0.1274709365666390  0.1274709365666390  0.0244878963560562
  0.1274709365666390  0.1274709365666390  0.1274709365666390  0.0244878963560562
  0.1274709365666390  0.1274709365666390  0.6175871903000830  0.0244878963560562
  0.1274709365666390  0.6175871903000830  0.1274709365666390  0.0244878963560562
  0.9037635088221031  0.0320788303926323  0.0320788303926323  0.0039485206398261
  0.0320788303926323  0.0320788303926323  0.0320788303926323  0.0039485206398261
  0.0320788303926323  0.0320788303926323  0.9037635088221031  0.0039485206398261
  0.0320788303926323  0.9037635088221031  0.0320788303926323  0.0039485206398261
  0.4502229043567190  0.0497770956432810  0.0497770956432810  0.0263055529507371
  0.0497770956432810  0.4502229043567190  0.0497770956432810  0.0263055529507371
  0.0497770956432810  0.0497770956432810  0.4502229043567190  0.0263055529507371
  0.0497770956432810  0.4502229043567190  0.4502229043567190  0.0263055529507371
  0.4502229043567190  0.0497770956432810  0.4502229043567190  0.0263055529507371
  0.4502229043567190  0.4502229043567190  0.0497770956432810  0.0263055529507371
  0.3162695526014501  0.1837304473985499  0.1837304473985499  0.0829803830550589
  0.1837304473985499  0.3162695526014501  0.1837304473985499  0.0829803830550589
  0.1837304473985499  0.1837304473985499  0.3162695526014501  0.0829803830550589
  0.1837304473985499  0.3162695526014501  0.3162695526014501  0.0829803830550589
  0.3162695526014501  0.1837304473985499  0.3162695526014501  0.0829803830550589
  0.3162695526014501  0.3162695526014501  0.1837304473985499  0.0829803830550589
  0.0229177878448171  0.2319010893971509  0.2319010893971509  0.0254426245481023
  0.2319010893971509  0.0229177878448171  0.2319010893971509  0.0254426245481023
  0.2319010893971509  0.2319010893971509  0.0229177878448171  0.0254426245481023
  0.5132800333608811  0.2319010893971509  0.2319010893971509  0.0254426245481023
  0.2319010893971509  0.5132800333608811  0.2319010893971509  0.0254426245481023
  0.2319010893971509  0.2319010893971509  0.5132800333608811  0.0254426245481023
  0.2319010893971509  0.0229177878448171  0.5132800333608811  0.0254426245481023
  0.0229177878448171  0.5132800333608811  0.2319010893971509  0.0254426245481023
  0.5132800333608811  0.2319010893971509  0.0229177878448171  0.0254426245481023
  0.2319010893971509  0.5132800333608811  0.0229177878448171  0.0254426245481023
  0.0229177878448171  0.2319010893971509  0.5132800333608811  0.0254426245481023
  0.5132800333608811  0.0229177878448171  0.2319010893971509  0.0254426245481023
  0.7303134278075384  0.0379700484718286  0.0379700484718286  0.0134324384376852
  0.0379700484718286  0.7303134278075384  0.0379700484718286  0.0134324384376852
  0.0379700484718286  0.0379700484718286  0.7303134278075384  0.0134324384376852
  0.1937464752488044  0.0379700484718286  0.0379700484718286  0.0134324384376852
  0.0379700484718286  0.1937464752488044  0.0379700484718286  0.0134324384376852
  0.0379700484718286  0.0379700484718286  0.1937464752488044  0.0134324384376852
  0.0379700484718286  0.7303134278075384  0.1937464752488044  0.0134324384376852
  0.7303134278075384  0.1937464752488044  0.0379700484718286  0.0134324384376852
  0.1937464752488044  0.0379700484718286  0.7303134278075384  0.0134324384376852
  0.0379700484718286  0.1937464752488044  0.7303134278075384  0.0134324384376852
  0.7303134278075384  0.0379700484718286  0.1937464752488044  0.0134324384376852
  0.1937464752488044  0.7303134278075384  0.0379700484718286  0.0134324384376852
];


xiq = gauss(:,1);
etq = gauss(:,2);
ztq = gauss(:,3);
weq = gauss(:,4);

%-----
% done
%-----

return
